
Lattice="74.250971 0.11835 -0.250401 0.115341 24.519286 -0.040824 -0.225236 -0.031504 21.72368" system="copc+nanotube-side: COOH"
Co       7.44053246       9.03663916       9.60372553
H        8.33640369       3.27321573       4.40156010
H        5.42914748       5.17129737       4.34923815
H        3.41770968       5.95532643       4.39444575
H        4.64509907       5.64696799       5.45526975
H        7.77992001       1.61285132      10.83989909
H        7.62962111       6.52962662       4.30248262
H        7.58762525       7.79682765       2.16839903
H        7.63736305       3.74895978      12.11600254
H        7.45228146      11.53205380       4.30575294
H        7.58608039      14.31870582       7.07901020
H        7.65557443      16.46549467       8.34513466
H        7.50613350      10.25559227       2.16518418
H        7.51147141      14.34663521      12.08643272
H        7.61625769      16.47710288      10.80029047
H        7.72309109       3.75312318       7.11027064
H        7.45779636       6.55544370      14.90507345
H        7.82592383       1.61454657       8.38440280
H        7.38938780      10.29274055      17.03396476
H        7.36167767      11.55958689      14.89001742
H        7.43477195       7.83695760      17.04277170
C        4.07292624      12.93346277       4.81258941
C        4.03197621      14.15504752       8.42837209
C        4.06186403      14.15573506       6.98373305
C        4.11465210      15.38368414       6.25505527
C        4.13353063      15.38835804       4.80923039
C        4.12799411      16.60634647       8.42499596
C        4.14865028      16.60979466       6.98000956
C        4.20357166      17.83822531       6.25194530
C        4.21653691      17.84192291       4.80685734
C        4.24386830      19.06400325       6.97706063
C        4.29594863      20.29209369       6.24916893
C        4.30722475      20.29563762       4.80394379
C        4.32388680      21.51289375       8.41962140
C        4.33523835      21.51829960       6.97502374
C        4.38673268      22.74744640       6.24763499
C        4.39774251      22.75009779       4.80092818
C        4.40500841      23.96663006       8.41814530
C        4.42971047      23.97327664       6.97419455
C        4.38611049       0.68553222       6.28686344
C        4.40037385       0.68340408       4.84232466
C        4.33918803       1.90378223       8.46318135
C        4.42417605       1.91650748       7.00869133
C        4.56832535       3.15014725       6.28149292
C        4.72078606       3.11568272       4.84381556
C        4.28992352       4.34187367       8.51160080
C        4.42929330       5.60016531       6.48362041
C        4.07213764       6.81134283       8.50895475
C        4.13203669       6.81184687       7.08020903
C        3.98367196       8.00974710       6.27550902
C        3.93952185       8.01640332       4.79862952
C        3.96779473       9.24842661       8.45029358
C        3.96792251       9.23797337       6.99098231
C        3.98734762      10.47328945       6.26037885
C        4.04000091      10.47927079       4.81369031
C        3.97291485      11.70282105       8.43391887
C        3.99572561      11.69984743       6.98598914
C        4.04286966      12.92857119       6.25803643
C        3.98603900      12.92808582       9.15776339
C        3.99093085      14.15211870      12.77221027
C        3.99583048      14.15360994      11.32738362
C        4.04545772      15.37897206      10.59842408
C        4.06351265      15.38036937       9.15313183
C        4.08524294      16.60245332      12.76753555
C        4.09568421      16.60346138      11.32219088
C        4.15983000      17.82969907      10.59486032
C        4.17454552      17.83189880       9.14991365
C        4.18995155      19.05194190      12.76508594
C        4.20509541      19.05460842      11.31976036
C        4.25960652      20.28123513      10.59215204
C        4.27269547      20.28479634       9.14729019
C        4.27542507      21.50256468      12.76235077
C        4.29313130      21.50638960      11.31733049
C        4.33716288      22.73356726      10.59067554
C        4.35679155      22.73819005       9.14502158
C        4.32322911      23.95422177      12.76175708
C        4.34811269      23.95870462      11.31687056
C        4.25719953       0.66803586      10.63291820
C        4.29724720       0.67473304       9.18500090
C        4.19978959       1.88587577      12.80894950
C        4.22850851       1.88792400      11.36838897
C        4.21814594       3.11486257      10.65032356
C        4.28570976       3.11536661       9.21697084
C        4.12554494       4.34175308      12.81021360
C        4.15042841       4.34312886      11.37352759
C        4.10524190       5.57204576      10.65428802
C        4.15656053       5.57520576       9.21916117
C        4.00946849       6.79681487      12.80688987
C        4.02378605       6.79931118      11.36962918
C        3.97860604       8.03035327      10.64468631
C        3.98837736       8.03600110       9.20856674
C        3.93369664       9.25231232      12.79747316
C        3.94313974       9.25658303      11.35684799
C        3.94049296      10.47713121      10.61596766
C        3.95482828      10.47604053       9.16709081
C        3.93370276      11.70190800      12.78124282
C        3.94189771      11.70391689      11.33611548
C        3.96902440      12.92804841      10.60452113
C        3.95587923      12.92717890      13.50306139
C        3.97173388      14.14956653      17.11763870
C        3.97892688      14.15107411      15.67210123
C        4.02209710      15.37584033      14.94239891
C        4.03024993      15.37726827      13.49690910
C        4.05022344      16.59801939      17.11409885
C        4.06358909      16.59975586      15.66800050
C        4.11847916      17.82448602      14.93919729
C        4.13242458      17.82661509      13.49373855
C        4.14249545      19.04655819      17.11085894
C        4.15920453      19.04845483      15.66481607
C        4.21173691      20.27374075      14.93631583
C        4.22757036      20.27634685      13.49087925
C        4.22548980      21.49605420      17.10682317
C        4.24075317      21.49830993      15.66139399
C        4.27639187      22.72412578      14.93343619
C        4.29489878      22.72718648      13.48886430
C        4.26854121      23.94620642      17.10163556
C        4.28324074      23.94859606      15.65882359
C        4.17963968       0.65605141      14.97383187
C        4.20028759       0.65850798      13.53180436
C        4.14382717       1.87981099      17.13759841
C        4.15903080       1.88230216      15.69658343
C        4.14180345       3.11075457      14.97232768
C        4.16023628       3.11279706      13.53284505
C        4.08433750       4.33520012      17.13370206
C        4.09530535       4.33812775      15.69374163
C        4.05208018       5.56649901      14.96985936
C        4.06284382       5.56895434      13.53095906
C        4.00140959       6.79062438      17.12983832
C        3.99937158       6.79336062      15.69049573
C        3.95573101       8.02157698      14.96521521
C        3.95785118       8.02429367      13.52498717
C        3.93913129       9.24521815      17.12621661
C        3.92971793       9.24821037      15.68490708
C        3.91707032      10.47526115      14.95718862
C        3.92002945      10.47817242      13.51539530
C        3.93161666      11.69873364      17.12153829
C        3.92906809      11.70071731      15.67823911
C        3.95132604      12.92610281      14.94790043
C        3.94410259      12.92371998      17.84673609
C        3.93765627      14.14293821      21.46309709
C        3.95193426      14.14575391      20.01787206
C        3.98877601      15.37134557      19.28919034
C        4.00214206      15.37362192      17.84348830
C        4.00164080      16.59311158      21.46068614
C        4.01811749      16.59548343      20.01510257
C        4.06966532      17.82072488      19.28597063
C        4.08733463      17.82207410      17.84016654
C        4.08959220      19.04328890      21.45805734
C        4.10754910      19.04476851      20.01157335
C        4.16240142      20.26994029      19.28219678
C        4.17861148      20.27106773      17.83663418
C        4.18279264      21.49387513      21.45444851
C        4.19635844      21.49442907      20.00741793
C        4.23330609      22.71907048      19.27729593
C        4.24642299      22.72072871      17.83204926
C        4.24679639      23.94401457      21.44644265
C        4.24738831      23.94459539      19.99992135
C        4.14955700       0.65238981      17.86401364
C        4.12956249       1.86858288      21.46455003
C        4.12518823       1.87357071      20.02483022
C        4.10547210       3.10296434      19.29849486
C        4.11393939       3.10649824      17.85897559
C        4.07787456       4.32548383      21.45649013
C        4.07215774       4.33035347      20.01737120
C        4.03308496       5.55870969      19.29455347
C        4.03938579       5.56218746      17.85522707
C        3.98627014       6.78189644      21.45890098
C        3.99361751       6.78544446      20.02000349
C        3.97067629       8.01498538      19.29417873
C        3.96857428       8.01754980      17.85266800
C        3.95082840       9.24173128      21.45661265
C        3.94971900       9.24269288      20.01551070
C        3.93330770      10.47009491      19.29111059
C        3.93056719      10.47195698      17.84871333
C        3.92755224      11.69473253      20.01839605
C        3.93803713      12.92091600      19.29152246
C        4.11012355      14.16260255       4.08420143
C        4.13023883      14.16828781       2.63894532
C        4.18106640      16.61614601       4.08158737
C        4.19519818      16.62004880       2.63631219
C        4.26778336      19.06935664       4.07901603
C        4.28087294      19.07178830       2.63364200
C        4.35878807      21.52361770       4.07584485
C        4.37341994      21.52491191       2.63054206
C        4.45651654      23.97714774       4.07294745
C        4.47619909      23.97695369       2.62665313
C        4.53329402       1.90982894       4.12004397
C        4.51398334       1.90788512       2.64865744
C        5.28645120       4.19701074       3.90369632
C        4.57861231       4.34945341       2.56273794
C        3.80804996       6.86844183       3.97888034
C        4.10651161       6.82795336       2.60409770
C        4.04582289       9.25594236       4.08306576
C        4.09553030       9.26543984       2.63456770
C        4.07227735      11.70850862       4.08626392
C        4.09984141      11.71617619       2.63970975
C        4.13970063       0.64853770      19.30623507
C        4.13757488      12.94761298       0.46685787
C        4.16733978      15.39547856       1.91055966
C        4.18294167      15.39885708       0.46470694
C        4.24380120      17.84675197       1.90783837
C        4.25947774      17.84945433       0.46264086
C        4.33554351      20.29854775       1.90538904
C        4.35446583      20.29953445       0.46000796
C        4.42915843      22.75176402       1.90183092
C        4.44150495      22.75005752       0.45441815
C        4.41949710       0.68709164       1.93494348
C        4.38106645       0.68196218       0.48253838
C        4.46554720       3.12781445       1.87964234
C        4.34383680       3.12591489       0.45134155
C        4.29535952       5.57080233       1.90209987
C        4.25090070       5.57952359       0.45782271
C        4.16278170       8.05279186       1.88864219
C        4.20073578       8.04801248       0.45210967
C        4.11155600      10.49417801       1.90998415
C        4.14345684      10.49705419       0.46498478
C        4.12112869      12.94369178       1.91225702
C        3.91687227      11.69209026      21.46329677
C        4.46327798       4.36110815       7.09090636
C        4.23202775      19.05919744       8.42235343
C        6.75607521       3.87309155       3.58470555
C        7.74316520       2.55830226      10.31289941
C        7.57643486       6.30785753       8.50335542
C        7.64863724       4.92725885       8.91486805
C        7.61856908       4.92826811      10.31211036
C        7.53264500       6.31231709      10.71776501
C        7.43885551       7.94155779      12.33692323
C        7.41924620       8.35461462      13.72130548
C        7.43608798       7.63740064      14.91057857
C        7.42381544       8.36086319      16.09500195
C        7.39731512       9.76183942      16.09017518
C        7.38255488      10.47746240      14.90114118
C        7.39351683       9.75222249      13.71639199
C        7.39917550      10.15621449      12.32987927
C        7.43609389      11.77479342      10.70005067
C        7.48848845      13.15827938      10.28640814
C        7.52285236       8.33113866       5.48747794
C        7.56903992       7.61043555       4.30024137
C        7.55747111       8.32737605       3.11253081
C        7.51300277       9.72905665       3.11187018
C        7.47952716      10.44999361       4.29670012
C        7.48041063       9.72805861       5.48419360
C        7.46180864      10.13818910       6.86794136
C        7.46522493      11.76665033       8.48707778
C        7.50798616      13.15234542       8.88874201
C        7.56952642      14.33385973       8.16080508
C        7.60854639      15.52244130       8.87577783
C        7.52373794       7.92645194       6.87390921
C        7.72127054       3.74428811       8.19170087
C        7.76960842       2.55886041       8.91183482
C        7.58736069      15.52900104      10.27734353
C        7.66541072       3.74243890      11.03413762
C        7.52807063      14.34754697      11.00402817
N        7.42412802       9.04599087      11.51470414
N        7.46370129      11.40220110       7.22560942
N        7.40685988      11.41800837      11.96411414
N        7.48944588       6.67830571      11.97887623
N        7.51370556       7.12795204       9.60849872
N        7.57712969       6.66599679       7.23953312
N        7.47741051       9.03314508       7.69022237
N        7.43070533      10.95049488       9.59712005
O        7.40069031       3.35378758       4.65002803
O        7.31987997       4.14561814       2.55331511


Lattice="73.789007 0.130861 -0.276973 0.125358 24.674854 0.001038 -0.247766 0.004799 21.38671"  system="copc+nanotube-side: dO"
Co       7.95633977      11.34465926      10.39942865
H        4.05107195       5.98040924       4.46886925
H        5.62826848       5.67990671       5.40002687
H        8.03223545       3.91874232      11.69492641
H        8.15301155       8.76625651       5.15722404
H        8.23032076      10.00822055       2.99549216
H        7.94691405       6.06720098      12.95652961
H        8.11034821      13.77651053       5.07288686
H        8.06591698      16.60372649       7.84087046
H        8.11285181      18.75927873       9.09237121
H        8.20782235      12.46489235       2.95492290
H        8.05061691      16.65738178      12.84715235
H        8.11055830      18.78692132      11.54767440
H        8.10352309       6.03287263       7.94862150
H        7.84046192       8.89280458      15.70810991
H        8.11370402       3.90233190       9.23913566
H        7.86154232      12.64320774      17.81856936
H        7.91633863      13.89914495      15.66360190
H        7.82280851      10.18752170      17.83917077
C        4.40028380      19.15383001      19.72229703
C        4.36465546       5.58190724      17.58097184
C        4.35102046       6.81662804      21.14334355
C        4.35467584       6.81543126      19.71972877
C        4.38111016       8.05060395      19.00768627
C        4.39319688       8.05066446      17.58157429
C        4.39725410       9.28868197      21.14269383
C        4.39162063       9.28640172      19.71734418
C        4.39601090      10.52044628      19.00684240
C        4.39888378      10.51974258      17.58197458
C        4.39736623      11.75425043      19.72012470
C        4.40089556      12.98716497      19.00871210
C        4.59203211      14.21743003       4.03961543
C        4.61083506      14.21756767       2.61282665
C        4.59037446      16.68381922       4.03971560
C        4.60622339      16.68373005       2.61336988
C        4.59763334      19.14998891       4.03992646
C        4.61004037      19.14962624       2.61313852
C        4.63117477      21.61625227       4.04018662
C        4.63094391      21.61562690       2.61386315
C        4.71387347      24.07811422       4.04050478
C        4.68961730      24.07841484       2.61460093
C        4.79296925       1.85899767       4.04083472
C        4.69930836       1.86219813       2.60155953
C        5.51567878       4.14927381       3.84777637
C        4.83022383       4.32057577       2.54874563
C        4.34257870       5.58082339      19.00522270
C        4.37231234       6.88416414       3.97708741
C        4.31524147       4.34613912      19.71401915
C        4.32567213       3.11272208      17.57888016
C        4.42257883      11.75341719      15.44628271
C        4.43917753      12.98617498      14.73336277
C        4.40874528      12.98636992      17.58269288
C        4.38667163      14.22155816      21.14806251
C        4.39796694      14.22083725      19.72110418
C        4.40633102      15.45441471      19.00954609
C        4.42086343      15.45346755      17.58274368
C        4.38777290      16.68823980      21.14850365
C        4.40112068      16.68774547      19.72196124
C        4.40941184      17.92127581      19.00993669
C        4.42611353      17.92047458      17.58288766
C        4.38658049      19.15418994      21.14917438
C        4.40540808      20.38716256      19.01007512
C        4.42468805      20.38672987      17.58292280
C        4.38286730      21.62074611      21.14915230
C        4.39102821      21.62017748      19.72141380
C        4.39203166      22.85311544      19.00902338
C        4.41585331      22.85296414      17.58224477
C        4.38300820      24.08649054      21.14743489
C        4.38147096      24.08626753      19.72019777
C        4.29559415       0.64415350      17.57845365
C        4.27193835       1.87253078      21.13681830
C        4.27023773       1.87586191      19.71292014
C        4.29921775       3.11190240      19.00366670
C        4.31927564       4.34347608      21.13905393
C        4.40681801      11.75341375      16.87157987
C        4.56728833       6.82861769       2.59754748
C        4.61984883       9.28657146       2.60908455
C        4.61113925       9.28997482       4.03692712
C        4.55193761      19.15187272       8.31693430
C        4.60637434      11.75213573       4.03917245
C        4.62123032      11.75178267       2.61204346
C        4.26764415       0.64328976      19.00415178
C        4.63299454      12.98359196       0.47349997
C        4.61496515      15.45079391       1.90072999
C        4.62808872      15.45023803       0.47375252
C        4.61450607      17.91684339       1.90092736
C        4.62896704      17.91663350       0.47436766
C        4.62098812      20.38244169       1.90136380
C        4.62837544      20.38200244       0.47467648
C        4.64632097      22.84871336       1.90221867
C        4.63354398      22.84759350       0.47394811
C        4.58704457       0.64057178       1.89942872
C        4.52705559       0.63860058       0.46836985
C        4.66416995       3.09605273       1.87043314
C        4.55118264       3.10073959       0.45338067
C        4.65732802       5.56609380       1.89157156
C        4.58931767       5.57248793       0.46788142
C        4.63644137       8.05877750       1.88561130
C        4.64231836       8.05133434       0.46355019
C        4.62929015      10.52055722       1.89790418
C        4.64164502      10.51796732       0.47191312
C        4.62317699      12.98445271       1.90006263
C        4.39237532      11.75545437      21.14703433
C        5.00426567       4.35948872       6.94421589
C        4.45651430      10.52076697      13.31082766
C        4.41919969       9.28562956      15.44629190
C        4.64847706       8.04295386       6.18919480
C        4.54966553       8.04999508       4.74466777
C        4.56910273       9.28315070       8.32535130
C        4.59170332       9.27448436       6.89112710
C        4.57195179      10.51474156       6.17804914
C        4.60625249      10.52004063       4.75163088
C        4.54085530      11.75069384       8.31745475
C        4.55406773      11.74756019       6.88969409
C        4.56214063      12.98279059       6.17764183
C        4.52635954      12.98349070       9.02799172
C        4.47806152      14.21926311      12.59394226
C        4.49578913      14.21888401      11.16672115
C        4.50376163      15.45208031      10.45404247
C        4.51895888      15.45119139       9.02766024
C        4.48882211      16.68525121      12.59225528
C        4.50000830      16.68488885      11.16585606
C        4.51345411      17.91846287      10.45412536
C        4.52794346      17.91844750       9.02822893
C        4.50184626      19.15241400      12.59256973
C        4.51874401      19.15174552      11.16593096
C        4.54087784      20.38594830      10.45455753
C        4.56074243      20.38607930       9.02820827
C        4.51509236      21.62022017      12.59260682
C        4.54389728      21.62063848      11.16603293
C        4.58157682      22.85442172      10.45440618
C        4.79765782       6.82481155       6.95134685
C        4.62017794      22.85490962       9.02772290
C        4.63095271       6.82359180       8.36013269
C        4.74047633       4.34349971       8.34600751
C        4.58540103      12.98394958       4.75138019
C        4.53061533      14.21792973       8.31608836
C        4.55067715      14.21665352       6.88965591
C        4.56219308      15.45050885       6.17794629
C        4.58201517      15.45066839       4.75156763
C        4.53076244      16.68469291       8.31616579
C        4.55378970      16.68391004       6.89028259
C        4.56993933      17.91785588       6.17815127
C        4.58542879      17.91714717       4.75188872
C        4.57142476      19.15173116       6.89024849
C        4.59563228      20.38554146       6.17885219
C        4.60594956      20.38321538       4.75211997
C        4.59802057      21.62074240       8.31647167
C        4.61696437      21.62052667       6.89077892
C        4.66673780      22.85427676       6.17995537
C        4.66824250      22.84852178       4.75303488
C        4.68864759      24.08827294       8.31650496
C        4.72240332      24.08822105       6.89220423
C        4.69816398       0.64767910       6.17819392
C        4.68311512       0.63226131       4.75384469
C        4.68456091       1.88283181       8.31772623
C        4.79352896       1.88768897       6.88589532
C        5.01133314       3.11502461       6.17425168
C        5.05691032       3.05770870       4.74732900
C        5.15989162       5.61579631       6.35427280
C        4.43067379      10.52001546      14.73586526
C        4.54068441      24.08755509      12.59257275
C        4.51620732       0.64815874      10.45368903
C        4.43717228      19.15362108      16.87091785
C        4.45926244      19.15294696      15.44400269
C        4.47160719      20.38641050      14.73149373
C        4.49572750      20.38614338      13.30427681
C        4.43209545      21.62007725      16.87025465
C        4.45894650      21.62019348      15.44302924
C        4.47720696      22.85347540      14.73074511
C        4.50888607      22.85365256      13.30428759
C        4.43177142      24.08574534      16.86902166
C        4.46702746      24.08627771      15.44321950
C        4.36954622       0.64482307      14.73123676
C        4.40990114       0.64517797      13.30560283
C        4.32490571       1.87814701      16.86802194
C        4.36324552       1.87810527      15.44286899
C        4.39672045       3.11279012      14.73365139
C        4.43793698       3.11253889      13.30924971
C        4.36126746       4.34749880      16.86938930
C        4.39319453       4.34757603      15.44524236
C        4.42081993       5.58245249      14.73508450
C        4.45324336       5.58217874      13.31118755
C        4.39172232       6.81642997      16.87034564
C        4.41521536       6.81685523      15.44622990
C        4.43086167       8.05155254      14.73590664
C        4.45558098       8.05186363      13.31127230
C        4.40378180       9.28540626      16.87106404
C        4.48679395      17.91901564      13.30451545
C        4.46745984      17.91953346      14.73178966
C        4.45234413      16.68595996      15.44384444
C        4.58578422       0.65028506       9.02566492
C        4.44816058       1.87852907      12.59633735
C        4.50655734       1.87849588      11.17079436
C        4.55570137       3.11228543      10.46455488
C        4.65682922       3.11083574       9.04444444
C        4.46816746       4.34741361      12.60025168
C        4.52310351       4.34687552      11.17869702
C        4.54749118       5.58103940      10.47328121
C        4.64073216       5.58080532       9.05496923
C        4.46999689       6.81731179      12.60196672
C        4.50285255       6.81669439      11.17990921
C        4.51014292       8.05467133      10.47318671
C        4.58562219      24.08862252      11.16598160
C        4.55037432       8.05767211       9.05324246
C        4.49698707       9.28802955      11.17835969
C        4.51546513      10.51883857      10.45942586
C        4.54201126      10.51646878       9.03118722
C        4.47018265      11.75358081      12.59656924
C        4.49767781      11.75316816      11.16931792
C        4.50667043      12.98571556      10.45537176
C        4.46144839      12.98661005      13.30708381
C        4.42312307      14.21961007      16.87089458
C        4.43880372      14.21941782      15.44402996
C        4.45693707      15.45268543      14.73186745
C        4.47566318      15.45224161      13.30509543
C        4.43320734      16.68685879      16.87061535
C        4.46876234       9.28726459      12.60170223
C        8.02766446       4.86190110      11.16198848
C        8.00284391       8.59941145       9.32506592
C        8.01386063       7.21966445       9.74536512
C        7.97320446       7.23244994      11.14185697
C        7.94187156       8.62200227      11.53564937
C        7.91053086      10.26482839      13.13889106
C        7.89159177      10.68659115      14.51826361
C        7.85926651       9.97515718      15.71004957
C        7.84972473      10.70639441      16.88879427
C        7.87126776      12.10838594      16.87673433
C        7.90044498      12.81728243      15.68452083
C        7.90977820      12.08310204      14.50550706
C        7.93839990      12.47720030      13.11804219
C        7.98941689      14.08299219      11.47707639
C        8.02082687      15.46268860      11.05484240
C        8.08274620      10.59298327       6.29825068
C        8.14005265       9.84847643       5.12770353
C        8.18440727      10.55095238       3.93132035
C        8.17230892      11.95268036       3.90915550
C        8.11644210      12.69351539       5.08246234
C        8.07231715      11.98999781       6.27868592
C        8.02267560      12.41810130       7.65733786
C        8.00429381      14.05961840       9.26343494
C        8.02777247      15.44747652       9.65788360
C        8.05893880      16.62511413       8.92286945
C        8.08636261      17.81895908       9.63071046
C        8.03502917      10.20489820       7.68640112
C        8.06691986       6.03094883       9.03068954
C        8.07355836       4.85106150       9.76094889
C        8.08194324      17.83451140      11.03231556
C        7.97905748       6.05249115      11.87464627
C        8.04873791      16.65600611      11.76481702
N        7.93869146      11.36270855      12.30919737
N        8.01802727      13.68521236       8.00373757
N        7.96517396      13.73587883      12.74349821
N        7.91094878       8.99705474      12.79385672
N        7.96236889       9.43131150      10.42097352
N        8.03583801       8.94587529       8.05944748
N        8.00193118      11.32207916       8.49089257
N        7.98465921      13.25248427      10.37851767
O        6.55795571       4.76258257       4.05772363



Lattice="71.42722 0.124679 -0.28364 0.117347 24.681986 0.023188 -0.250784 0.024469 21.352717"  system="copc+nanotube-side: eO"
Co       7.45283750       9.35124178       8.18428780
H        1.91979146       3.55717459       3.56093823
H        7.53727937       1.93316257       9.50286175
H        2.54364757       4.95446329       4.36945653
H        7.52490738       6.77803875       2.92201123
H        7.51084462       8.02471765       0.76326760
H        7.49285969       4.09185948      10.74895132
H        7.52419739      11.78447517       2.85329696
H        7.56758556      14.61677954       5.62198539
H        7.62846131      16.76901740       6.87657747
H        7.51350144      10.47977246       0.72946164
H        7.53552766      14.66351940      10.62815446
H        7.61552332      16.79173531       9.33318984
H        7.54770622       4.02861713       5.74428172
H        7.36528947       6.91343556      13.51306771
H        7.56097724       1.90283074       7.04512813
H        7.33680489      10.67568111      15.60135094
H        7.39141159      11.91997757      13.44271149
H        7.32223615       8.22000296      15.63595709
C        4.02503267      19.16640766      19.70230352
C        3.93855609       5.59022917      17.56276356
C        3.83849627       6.80966002      21.14743276
C        3.88361132       6.81593497      19.71608880
C        3.88640138       8.05161508      19.00058369
C        3.90235929       8.05487495      17.57023116
C        3.83919361       9.28143153      21.14418701
C        3.87126743       9.28432197      19.71413857
C        3.89136975      10.52064619      18.99814203
C        3.90536604      10.52296897      17.57127046
C        3.90256060      11.75840543      19.70492312
C        3.93982929      12.99314286      18.99368731
C        4.12840131      14.22287808       4.04435176
C        4.14642857      14.21400372       2.61960371
C        4.17137281      16.68695165       4.04531039
C        4.19280875      16.68093608       2.62055676
C        4.21011276      19.15085617       4.04625283
C        4.22704761      19.14601317       2.62102720
C        4.22021714      21.61416348       4.04530968
C        4.22936580      21.60994820       2.62057349
C        4.15876939      24.07181749       4.03891074
C        4.14955312      24.06917069       2.61598741
C        3.77320507       1.82811598       4.01520631
C        3.78513461       1.83406980       2.57797562
C        2.85603500       4.05935357       3.85573236
C        3.57189724       4.28473810       2.54732534
C        3.91033893       5.58773933      18.99039035
C        4.16964509       6.86398816       4.08682479
C        3.89169536       4.35419389      19.69554123
C        3.96661384       3.12413906      17.55255555
C        3.93506840      11.76028652      15.43322853
C        3.97175055      12.99598247      14.72331563
C        3.95367578      12.99349903      17.56862469
C        3.93890072      14.23088571      21.12722939
C        3.95994974      14.22878798      19.70284367
C        3.99365892      15.46360798      18.99256943
C        4.00831976      15.46347673      17.56797960
C        3.98591741      16.69962320      21.12702139
C        4.00516261      16.69816982      19.70253184
C        4.02709963      17.93261071      18.99217957
C        4.04396730      17.93306026      17.56750610
C        4.00803888      19.16666179      21.12716124
C        7.53259356       2.87218638       8.96303075
C        4.03978270      20.40059469      18.99128924
C        4.06034983      20.40189943      17.56637444
C        4.00929878      21.63294264      21.12585084
C        4.03327790      21.63359661      19.70097295
C        4.05355464      22.86730651      18.98998536
C        4.07773393      22.86954991      17.56529169
C        3.99250183      24.09707728      21.12372474
C        4.04182002      24.10002545      19.70023551
C        3.97471644       0.65505040      17.54310101
C        3.84159778       1.87636073      21.09830733
C        3.91809038       1.88332404      19.67884053
C        3.93067144       3.12230211      18.97757873
C        3.81103459       4.34937555      21.12147860
C        3.93064814      11.75870100      16.85901276
C        4.00008297       6.77550175       2.68178826
C        4.06279867       9.27173665       2.62871344
C        7.50760946       6.60714870       7.11052717
C        7.51947625       5.22758496       7.53356171
C        7.49902446       5.24422128       8.93041725
C        7.46825357       6.63444764       9.32339049
C        7.41966338       8.27657528      10.92965325
C        7.40156080       8.70146660      12.30979638
C        7.37698537       7.99589278      13.50573938
C        7.35436476       8.73310073      14.68223845
C        7.36174466      10.13484727      14.66280801
C        7.39068134      10.83802061      13.46705507
C        7.40740729      10.09876000      12.29198603
C        7.42568297      10.48840438      10.90242682
C        7.47636925      12.09018565       9.25727625
C        7.51962264      13.47060137       8.83523334
C        7.52821293       8.59955442       4.07463281
C        7.52542235       7.86036758       2.89887619
C        7.51979765       8.56497664       1.70203579
C        7.52102760       9.96600716       1.68296658
C        7.52498402      10.70229234       2.86038339
C        7.52489577       9.99711241       4.05609662
C        7.50874770      10.42442023       5.43661189
C        7.50286275      12.06758775       7.04346135
C        7.53177380      13.45572078       7.43760243
C        7.56774956      14.63435243       6.70452036
C        7.59807388      15.82749921       7.41292580
C        7.51642270       8.21096730       5.46597352
C        4.08141889       9.30231326       4.04775240
C        7.54067903       4.03232116       6.82643433
C        4.16018956      19.16582539       8.31842510
C        4.09479774      11.76037159       4.04469622
C        4.09923074      11.74511740       2.61984198
C        3.94493963       0.65206814      18.96690581
C        4.14920501      12.97221599       0.48496136
C        4.18125987      15.44591742       1.90941729
C        4.20392536      15.44196480       0.48438139
C        4.22165854      17.91258125       1.90961933
C        4.24106469      17.90952167       0.48506164
C        4.24058396      20.37714141       1.90980888
C        4.25347090      20.37556371       0.48472881
C        4.21178966      22.83998506       1.90767156
C        4.23664053      22.83902603       0.48262454
C        3.96071814       0.61910232       1.87842525
C        4.06108781       0.62041160       0.45493362
C        3.78993155       3.07370574       1.85340508
C        4.01354851       3.08130189       0.45476924
C        3.87373313       5.52379334       1.94400951
C        4.03289912       5.54678738       0.50684665
C        4.03005386       8.01970513       1.94493035
C        4.05651069       8.02092325       0.51148157
C        4.07978947      10.50638610       1.91214323
C        4.09379073      10.50084589       0.49105290
C        4.12948629      12.97743749       1.90907672
C        3.88150484      11.75974808      21.12953679
C        3.97577862       4.39635067       6.80863274
C        7.54539880       2.85497240       7.56133469
C        7.59010248      15.84107758       8.81434969
C        3.92913694      10.52979372      13.29690326
C        3.89847365       9.29197061      15.43079457
C        4.17146864       8.09285849       6.19478990
C        4.14588564       8.08590928       4.77043941
C        4.09324000       9.30813358       8.32304116
C        4.12951642       9.31263507       6.89741477
C        4.10557848      10.54227839       6.18167903
C        4.08958145      10.53475931       4.75819369
C        4.07121158      11.77130934       8.31795477
C        4.09056796      11.77114750       6.89202334
C        4.09152404      13.00076371       6.17992402
C        4.05690930      13.00214815       9.02748188
C        4.02790312      14.23224318      12.58764600
C        4.04460806      14.23366359      11.16250038
C        4.07401431      15.46743309      10.45175966
C        4.08383229      15.46692651       9.02706494
C        4.07712459      16.70086062      12.58777095
C        4.09076882      16.70051046      11.16290616
C        4.11927517      17.93489524      10.45286036
C        4.13229416      17.93269139       9.02831423
C        4.11170058      19.17017509      12.58755458
C        4.12845104      19.16992940      11.16300555
C        4.15084472      20.40457333      10.45227670
C        4.16703941      20.40204197       9.02774760
C        4.13729663      21.64081852      12.58459716
C        4.15525838      21.64136861      11.16001588
C        4.17335739      22.87624738      10.44763649
C        4.13761074       6.85831071       6.90091462
C        4.18954969      22.87411045       9.02295206
C        4.05535394       6.84194569       8.31735509
C        3.98821258       4.38101887       8.25606558
C        7.50745769       4.06780097       9.66712551
C        4.10480438      12.99354216       4.75556045
C        4.07348467      14.23476218       8.31609282
C        4.08911359      14.23283850       6.89171147
C        4.11397532      15.46307758       6.18088689
C        4.13794974      15.45671383       4.75589928
C        4.11265794      16.69873537       8.31715669
C        4.12759849      16.69583616       6.89267952
C        4.16356078      17.92661497       6.18222195
C        4.18288955      17.92072715       4.75741978
C        4.17695343      19.16081894       6.89363503
C        4.20009379      20.39231203       6.18268664
C        4.21327844      20.38441924       4.75732252
C        4.18750349      21.63618555       8.31626121
C        4.20081870      21.62963910       6.89207153
C        4.20013497      22.86091038       6.17958871
C        4.20298463      22.84695826       4.75446863
C        4.19141449      24.10845453       8.30788485
C        4.18223949      24.10038534       6.88609477
C        4.00985617       0.65020277       6.14548342
C        3.97464919       0.62028213       4.72415399
C        4.02776898       1.90484629       8.26285512
C        3.98811102       1.90098377       6.83283196
C        3.84906080       3.13335623       6.09147970
C        3.55967134       3.03708893       4.71344267
C        4.15920046       5.65404554       6.18501115
C        3.91109873      10.52717193      14.72152989
C        4.14949028      24.11187761      12.57934018
C        4.04965681       0.66814854      10.41274842
C        4.06282787      19.16781342      16.85688542
C        4.07919302      19.16918921      15.43214590
C        4.09779051      20.40445977      14.72127565
C        4.11551260      20.40537141      13.29633903
C        4.07842934      21.63667688      16.85512231
C        4.09827708      21.63883704      15.43017369
C        4.11765089      22.87382246      14.71811070
C        4.13707399      22.87611489      13.29265036
C        4.09684447      24.10456876      16.85418027
C        4.11554600      24.10750323      15.42879492
C        4.00851840       0.66106980      14.69500876
C        4.02265084       0.66393544      13.26753808
C        3.98475346       1.89134183      16.83670554
C        3.99828212       1.89306505      15.40986236
C        3.99180265       3.12786171      14.69998322
C        3.99652903       3.12948816      13.27225682
C        3.96341125       4.35904062      16.84479302
C        3.97347459       4.35967273      15.41778942
C        3.95507741       5.59331558      14.70856989
C        3.96090569       5.59413709      13.28136084
C        3.92471157       6.82388073      16.85274961
C        3.92846043       6.82587714      15.42512117
C        3.90729348       8.05991505      14.71653678
C        3.92114843       8.06115204      13.29015467
C        3.89944638       9.28961086      16.85765877
C        4.08859955      17.93528548      13.29802861
C        4.07372538      17.93442427      14.72262969
C        7.54855693      14.66198504       9.54609508
C        4.04906418      16.69926028      15.43288410
C        4.05928097       0.67041775       8.98397822
C        4.01773035       1.89868506      12.55391193
C        4.02514569       1.90190884      11.12350248
C        4.00103403       3.13708159      10.40610737
C        3.99284614       3.14266783       8.97422476
C        3.98232945       4.36330073      12.56217278
C        3.98875765       4.36435839      11.13407151
C        3.99407525       5.59673729      10.42961580
C        4.01498657       5.59932531       8.99997856
C        3.94919670       6.82886038      12.57428393
C        3.97800317       6.82874322      11.14855383
C        3.99839146       8.06814573      10.44931602
C        4.16607896      24.11439411      11.15298670
C        4.05242199       8.07342932       9.02881616
C        3.97856525       9.30024036      11.16146425
C        4.00991265      10.53541694      10.45393671
C        4.06126611      10.53875901       9.03133651
C        3.96791461      11.76467349      12.58793433
C        4.00027694      11.76800196      11.16381722
C        4.03319134      13.00095025      10.45286098
C        3.98766211      12.99801440      13.29825746
C        3.98746675      14.22885544      16.85827144
C        3.99773210      14.23001243      15.43339835
C        4.03290235      15.46487520      14.72282342
C        4.04675926      15.46617288      13.29794931
C        4.03591394      16.69848811      16.85757098
C        3.93351590       9.29734371      12.58491713
N        7.43170260       9.37274680      10.09703073
N        7.51113431      11.69134808       5.78361329
N        7.44816019      11.74595776      10.52405406
N        7.43528309       7.00954044      10.58200201
N        7.47858888       7.44000065       8.20700353
N        7.52224364       6.95348646       5.84304896
N        7.50120504       9.32827410       6.27007897
N        7.47389482      11.26004264       8.15979410
O        4.41909489       5.72290920       4.82818333




Lattice="70.247971 0.342825 -0.725338 0.115341 24.519286 -0.040824 -0.225236 -0.031504 21.72368"   system="copc+nanotube-side: OH"
Co       7.43922545       9.82464218       8.83697426
H        6.77844463       2.95329845       3.21074962
H        5.51527201       5.13254052       4.35676120
H        3.47852821       5.89113767       4.37845827
H        4.65909857       5.57967031       5.45148429
H        7.78685595       2.42848372      10.22763704
H        7.55946947       7.19478629       3.60859514
H        7.58276782       8.41765787       1.43683287
H        7.62844902       4.58891108      11.46040419
H        7.51936048      12.20414399       3.47767788
H        7.62947191      15.05256296       6.21381296
H        7.77100136      17.21773988       7.44041380
H        7.56283786      10.87105205       1.37283741
H        7.60608140      15.16936427      11.22060162
H        7.76533091      17.27583032       9.89462202
H        7.80667786       4.49158443       6.45369499
H        7.38981113       7.44648475      14.19633358
H        7.88712787       2.38366400       7.77504521
H        7.39333181      11.23310794      16.23875299
H        7.43208978      12.45425048      14.06414337
H        7.37069416       8.77904017      16.30202695
C        4.08771888      12.88059263       4.80551447
C        4.08416475      14.10178753       8.42026921
C        4.09806902      14.10299336       6.97531365
C        4.15428674      15.33128806       6.24793275
C        4.17218288      15.33536468       4.80279287
C        4.19193467      16.55411138       8.41779213
C        4.20293933      16.55729205       6.97302077
C        4.27467634      17.78461283       6.24509911
C        4.28800162      17.78888959       4.80012541
C        4.33905079      19.00993695       6.97041886
C        4.40994169      20.23724378       6.24342059
C        4.41931435      20.24105669       4.79822965
C        4.45694979      21.45830589       8.41404623
C        4.46569838      21.46331205       6.96907312
C        4.52260044      22.69283970       6.24212012
C        4.53336263      22.69538834       4.79584534
C        4.53546399      23.91199985       8.41212652
C        4.55879873      23.91870462       6.96781964
C        4.49941815       0.63173121       6.28053290
C        4.51691150       0.63130235       4.83598347
C        4.42855457       1.84902659       8.45783807
C        4.51318175       1.86274398       7.00271678
C        4.63116734       3.09892606       6.27694263
C        4.79205945       3.07406132       4.83881719
C        4.32483087       4.28499258       8.50841273
C        4.43852802       5.54057680       6.47764623
C        4.08458080       6.75356009       8.50355353
C        4.14587332       6.75376737       7.07344485
C        4.00608341       7.95238639       6.26721973
C        3.96773395       7.95982853       4.78966689
C        3.99560547       9.19165399       8.44286404
C        3.99249824       9.18161654       6.98243397
C        4.00988005      10.41888482       6.25285185
C        4.04905849      10.42596816       4.80619974
C        4.01279695      11.64849789       8.42624919
C        4.02483791      11.64623904       6.97847043
C        4.06749566      12.87625230       6.25038259
C        4.03799663      12.87439897       9.14915487
C        4.04467440      14.09828489      12.76459408
C        4.06040766      14.09956928      11.31914042
C        4.11983367      15.32531667      10.58965360
C        4.12879996      15.32757960       9.14428465
C        4.16378264      16.54794746      12.76093291
C        4.17587881      16.54984763      11.31519012
C        4.24748491      17.77572461      10.58706280
C        4.25474390      17.77873245       9.14229769
C        4.29375354      18.99725685      12.75912578
C        4.30921111      19.00023046      11.31360656
C        4.38106112      20.22606175      10.58594556
C        4.39347319      20.22995767       9.14097668
C        4.41251944      21.44684851      12.75748468
C        4.43001178      21.45072875      11.31222216
C        4.47917610      22.67785590      10.58462130
C        4.49551990      22.68359400       9.13912349
C        4.47343574      23.89883243      12.75763265
C        4.49015545      23.90224266      11.31233479
C        4.38182399       0.61126981      10.62804440
C        4.41296442       0.61939849       9.17984613
C        4.32764739       1.83038937      12.80502225
C        4.34233535       1.83100612      11.36400333
C        4.30019214       3.05782704      10.64675957
C        4.35283754       3.05899375       9.21266552
C        4.20682465       4.28579397      12.80490710
C        4.21504273       4.28667904      11.36783733
C        4.13738708       5.51479892      10.64908189
C        4.17676366       5.51699670       9.21408595
C        4.05120989       6.74051624      12.80039476
C        4.04982107       6.74245066      11.36269289
C        3.99513773       7.97356931      10.63794971
C        4.00283758       7.97865199       9.20216887
C        3.95660892       9.19662981      12.79065500
C        3.96687878       9.20060381      11.34955139
C        3.97334527      10.42223102      10.60817468
C        3.99202688      10.42091512       9.15918425
C        3.96419364      11.64803574      12.77342200
C        3.98162207      11.64926883      11.32824813
C        4.02378193      12.87413827      10.59591407
C        3.99173667      12.87347655      13.49502848
C        4.01364809      14.09474787      17.11079950
C        4.02231135      14.09627232      15.66552589
C        4.08198783      15.32146924      14.93615525
C        4.09420110      15.32266061      13.48978726
C        4.11901043      16.54441911      17.10827893
C        4.13554709      16.54567076      15.66235699
C        4.20516397      17.77043237      14.93319360
C        4.22124995      17.77214637      13.48688933
C        4.23923500      18.99264345      17.10486411
C        4.25806674      18.99444520      15.65933643
C        4.32820523      20.21898829      14.93065955
C        4.34767559      20.22116642      13.48513426
C        4.35431382      21.44089202      17.10199327
C        4.37285034      21.44294824      15.65663882
C        4.42469830      22.66866285      14.92835327
C        4.44378654      22.67154020      13.48344657
C        4.41779981      23.89099458      17.09727811
C        4.43770165      23.89354816      15.65430051
C        4.33215324       0.60156257      14.96956171
C        4.34824320       0.60351826      13.52766618
C        4.28382366       1.82509009      17.13331860
C        4.30165797       1.82808458      15.69279778
C        4.26566635       3.05629646      14.96745878
C        4.27329267       3.05793656      13.52782820
C        4.19286688       4.28080515      17.12825282
C        4.20169899       4.28339845      15.68873005
C        4.13250576       5.51065064      14.96319359
C        4.12980675       5.51295425      13.52463602
C        4.06545969       6.73557608      17.12344734
C        4.06157184       6.73788741      15.68338574
C        3.99513287       7.96507155      14.95755672
C        3.99070668       7.96778164      13.51775952
C        3.97034824       9.18973771      17.11812119
C        3.95794018       9.19242339      15.67716643
C        3.94062034      10.41988908      14.94933465
C        3.94393159      10.42344469      13.50727187
C        3.95498611      11.64398936      17.11346964
C        3.95088319      11.64603490      15.67016294
C        3.98228161      12.87165490      14.94026266
C        3.97433125      12.86874200      17.83916605
C        3.96714295      14.08966746      21.45503856
C        3.98703713      14.09218005      20.00970064
C        4.03950216      15.31777628      19.28221609
C        4.05554453      15.31943676      17.83680375
C        4.06854139      16.53944268      21.45357466
C        4.08608642      16.54185554      20.00789186
C        4.15333659      17.76672919      19.27984500
C        4.16992194      17.76840644      17.83399955
C        4.19067591      18.98846714      21.45163032
C        4.20791661      18.99006498      20.00566532
C        4.27568821      20.21512944      19.27723139
C        4.29043017      20.21631390      17.83105146
C        4.30612895      21.43965443      21.44829991
C        4.32142151      21.43980007      20.00218423
C        4.36905396      22.66413283      19.27262488
C        4.38694354      22.66557129      17.82727430
C        4.37820116      23.88987147      21.44070855
C        4.38308698      23.89008567      19.99469939
C        4.29374850       0.59716349      17.85974809
C        4.26052949       1.81565425      21.45884298
C        4.25701640       1.81995203      20.01901043
C        4.22969467       3.04928948      19.29309835
C        4.23889112       3.05222800      17.85373730
C        4.18906489       4.27339388      21.44966003
C        4.18136004       4.27689017      20.01036402
C        4.11949366       5.50462211      19.28763396
C        4.12643428       5.50772036      17.84887412
C        4.04433889       6.72857544      21.45060323
C        4.05403417       6.73084652      20.01178479
C        4.01124497       7.96050677      19.28672054
C        4.01237228       7.96223106      17.84541551
C        3.96698842       9.18894124      21.44809441
C        3.97392575       9.18886159      20.00699003
C        3.95401757      10.41615678      19.28320820
C        3.95530469      10.41696597      17.84086836
C        3.94528429      11.64113137      20.01037593
C        3.96532685      12.86705345      19.28371378
C        4.13425092      14.10953989       4.07729337
C        4.15273250      14.11497879       2.63217036
C        4.23512105      16.56311562       4.07458527
C        4.25282656      16.56687623       2.62926002
C        4.35986056      19.01604130       4.07269447
C        4.37537368      19.01822479       2.62666606
C        4.48613775      21.46875136       4.07001319
C        4.49882258      21.47060606       2.62456709
C        4.58549559      23.92270193       4.06702592
C        4.60304257      23.92213495       2.62070234
C        4.62906687       1.86158582       4.11480626
C        4.61550977       1.85646488       2.64299930
C        5.37363285       4.16446800       3.91423924
C        4.67483535       4.30367867       2.56376983
C        3.85823306       6.81044130       3.96738890
C        4.15893703       6.77515293       2.59372682
C        4.05899263       9.20202753       4.07519005
C        4.10283635       9.21188141       2.62584678
C        4.07358114      11.65578511       4.07903452
C        4.09458582      11.66284541       2.63194835
C        4.27728479       0.59430187      19.30182702
C        4.15205356      12.89469782       0.45955734
C        4.20760556      15.34200776       1.90387725
C        4.22703836      15.34554778       0.45804600
C        4.32244162      17.79312460       1.90122211
C        4.34389052      17.79483520       0.45635210
C        4.44683585      20.24435297       1.89904474
C        4.46636954      20.24472050       0.45340646
C        4.55961217      22.69745987       1.89611300
C        4.57105577      22.69581781       0.44887658
C        4.53701817       0.63351865       1.92972944
C        4.50775389       0.62860433       0.47726254
C        4.57877627       3.07911735       1.87531873
C        4.47161380       3.07430097       0.44506266
C        4.37728348       5.52000079       1.89481387
C        4.33673283       5.52724101       0.45010023
C        4.18888977       8.00070551       1.87858112
C        4.23051491       7.99550327       0.44256165
C        4.10677130      10.44092815       1.90229859
C        4.14672894      10.44389267       0.45787753
C        4.12862836      12.89017806       1.90514438
C        3.92700352      11.63890539      21.45561060
C        4.49064416       4.30542140       7.08769927
C        4.33039345      19.00556189       8.41592061
C        7.75458793       3.36403389       9.68302945
C        7.56689694       7.07342545       7.79538019
C        7.65126273       5.70186316       8.23369122
C        7.60827810       5.72978437       9.63027387
C        7.51744683       7.12192710      10.00781203
C        7.43502782       8.77975604      11.59515035
C        7.41699920       9.22095437      12.97035291
C        7.39961427       8.52902856      14.17502486
C        7.39032064       9.28065779      15.34193970
C        7.40199682      10.68231474      15.30602974
C        7.42000958      11.37265373      14.10215240
C        7.42145371      10.61827933      12.93589785
C        7.43149095      10.99192910      11.54157068
C        7.47217848      12.57797410       9.88086439
C        7.53893724      13.95324672       9.44231584
C        7.51613979       9.03184958       4.73877014
C        7.54683055       8.27714172       3.57314894
C        7.56307460       8.96848443       2.36920788
C        7.55244183      10.36989994       2.33308944
C        7.52457379      11.12212022       3.49954773
C        7.50467778      10.42962051       4.70393727
C        7.47844935      10.87131147       6.07916858
C        7.48559040      12.52989636       7.66746185
C        7.54588864      13.92101091       8.04531383
C        7.62473730      15.08738874       7.29617658
C        7.70364527      16.28666692       7.99016500
C        7.50374787       8.65901773       6.13336505
C        7.76254275       4.50601895       7.53619984
C        7.81035663       3.33729799       8.28301095
C        7.69897536      16.31961776       9.39123191
C        7.65944577       4.56135665      10.37904020
C        7.61221509      15.15281956      10.13818045
N        7.43772064       9.86639437      10.74916591
N        7.48506905      12.14174359       6.41165382
N        7.45096101      12.24580864      11.15170343
N        7.47146177       7.50944666      11.26257369
N        7.50126830       7.91598222       8.88292544
N        7.55174690       7.40647964       6.52482942
N        7.47365295       9.78451739       6.92486560
N        7.45268416      11.73523780       8.79303246
O        6.75247643       3.80877613       3.66029554
